# ica objects obtained on 20160221-20160227, raw data 1-110Hz
# Subj6 
# She had huge eye blink effect due to eye make up 
Run	EOG						ECG
1	[259 195 264 158 251 181 173 226]		[276]  
2	[124 104 117 120 202 264  11  95]		[231]  
3	[158 191 270 160  13  202 294 250 163 80 281] 	[201 197]
4	[132 154 112 218 210  19 155 184   8 100] 	[ 25 195]
5	[110 145  18 182  59 222  57  26 147 249] 	[90]
6	[271  39 173 205 242  23 235 234 168  18] 	[91 51]
7	[124  57 221 276 216 219 107  68 152] 		[214 210]
8	[ 37  49  15  90 136 174 132 246  51 257] 	[267  64]

